RPS: 17600, tail_lat: {'0.500000': '243.711', '0.900000': '391.423', '0.990625': '489.471'}
RPS: 17800, tail_lat: {'0.500000': '408.831', '0.900000': '618.495', '0.990625': '763.903'}
end experiment
